94866 YMML Melbourne Airport Observations at 00Z 16 Mar 2025
-----------------------------------------------------------------------------
   PRES   HGHT   TEMP   DWPT   RELH   MIXR   DRCT   SKNT   THTA   THTE   THTV
    hPa     m      C      C      %    g/kg    deg   knot     K      K      K 
-----------------------------------------------------------------------------
 1000.0     67                                                               
  995.0    116   21.2   18.2     83  13.40    235      5  294.8  333.3  297.1
  962.0    404   18.8   17.2     90  12.98    240     10  295.2  332.6  297.5
  931.0    683   16.5   16.2     98  12.59    265     19  295.6  332.0  297.8
  925.0    738   16.0   16.0    100  12.51    260     19  295.7  331.8  297.9
  917.0    812   15.6   15.6    100  12.27    250     21  295.9  331.4  298.1
  907.0    905   15.0   15.0    100  11.96    254     24  296.3  331.0  298.4
  850.0   1455   13.2   12.1     93  10.54    275     39  300.0  331.1  301.9
  831.0   1645   12.4   11.0     91  10.01    283     47  301.1  330.8  302.9
  822.0   1737   13.2   10.4     83   9.72    287     51  302.8  332.0  304.6
  815.0   1808   12.8   10.1     84   9.61    290     54  303.1  332.0  304.9
  788.0   2088   11.1    8.9     87   9.19    300     53  304.3  332.0  305.9
  700.0   3072    5.2    4.9     98   7.82    300     67  308.2  332.3  309.7
  637.0   3838    0.2    0.0     99   6.04    291     76  310.9  330.0  312.1
  629.0   3938   -0.3   -0.5     99   5.89    290     77  311.5  330.1  312.6
  511.0   5581   -8.9   -9.0     99   3.81    299     70  320.1  332.8  320.9
  500.0   5750  -10.1  -12.0     86   3.06    300     69  320.7  331.0  321.3
  489.0   5921  -11.1  -12.9     87   2.91    300     64  321.5  331.4  322.1
  488.0   5937  -11.1  -14.7     75   2.52    300     64  321.7  330.3  322.2
  466.0   6289  -13.9  -15.7     86   2.43    298     66  322.4  330.8  322.9
  444.0   6654  -16.5  -23.5     55   1.30    295     68  323.7  328.3  323.9
  443.0   6671  -16.3  -27.3     38   0.93    295     68  324.1  327.5  324.3
  414.0   7176  -20.3  -44.3     10   0.18    292     71  325.3  326.0  325.3
  408.0   7284  -21.1  -30.1     44   0.77    291     71  325.6  328.5  325.8
  401.0   7412  -21.7  -39.7     18   0.30    290     72  326.5  327.7  326.5
  400.0   7430  -21.5  -31.5     40   0.69    290     72  327.0  329.6  327.1
  389.0   7634  -23.1  -31.1     48   0.74    290     70  327.5  330.2  327.6
  385.0   7709  -23.7  -37.7     26   0.39    290     70  327.7  329.2  327.7
  381.0   7785  -24.3  -31.3     52   0.74    290     69  327.9  330.6  328.0
  378.0   7842  -24.7  -33.7     43   0.59    290     69  328.1  330.3  328.2
  374.0   7919  -25.4  -32.7     50   0.66    290     68  328.2  330.7  328.3
  361.0   8174  -27.5  -29.3     85   0.94    290     73  328.7  332.2  328.9
  360.0   8194  -27.5  -29.4     84   0.94    290     73  328.9  332.4  329.1
  355.0   8294  -27.5  -31.6     68   0.77    290     75  330.2  333.1  330.4
  354.0   8314  -27.5  -40.5     28   0.32    290     75  330.5  331.8  330.6
  346.0   8477  -29.1  -54.1      7   0.07    290     78  330.5  330.8  330.5
  334.0   8728  -30.7  -37.7     50   0.45    290     83  331.7  333.4  331.8
  330.0   8813  -31.3  -43.3     30   0.25    290     84  332.0  333.0  332.0
  328.0   8856  -31.5  -42.5     33   0.28    290     85  332.3  333.4  332.3
  327.0   8877  -31.5  -37.5     55   0.47    290     86  332.6  334.4  332.7
  325.0   8920  -31.7  -50.7     14   0.11    290     86  332.9  333.4  332.9
  323.0   8964  -31.9  -38.9     50   0.41    290     87  333.2  334.8  333.3
  321.0   9008  -31.7  -46.7     21   0.18    290     88  334.1  334.8  334.1
  317.0   9096  -32.5  -57.5      6   0.05    290     90  334.1  334.4  334.2
  314.0   9162  -32.7  -53.7     10   0.08    290     91  334.8  335.1  334.8
  300.0   9480  -35.7  -51.7     18   0.11    290     97  334.9  335.4  335.0
  288.0   9764  -37.7  -55.7     13   0.07    293    105  336.0  336.3  336.0
  283.0   9885  -38.1  -45.1     48   0.24    295    108  337.1  338.1  337.2
  282.0   9909  -38.3  -45.0     49   0.25    295    109  337.2  338.2  337.2
  270.0  10208  -40.7  -43.5     74   0.30    297    111  337.9  339.1  338.0
  250.0  10730  -44.7  -49.7     57   0.16    300    114  339.5  340.2  339.5
  241.0  10974  -46.5  -55.5     35   0.09    302    115  340.4  340.7  340.4
  227.0  11364  -50.2  -57.3     43   0.07    305    117  340.5  340.8  340.5
  212.0  11809  -54.5  -59.3     55   0.06    302    111  340.6  340.9  340.6
  207.0  11962  -55.5  -66.5     24   0.02    301    109  341.4  341.5  341.4
  200.0  12180  -57.1  -68.1     24   0.02    300    106  342.2  342.3  342.2
  195.0  12340  -57.3  -72.3     13   0.01    298    103  344.4  344.4  344.4
  190.0  12504  -57.9  -71.9     15   0.01    296     99  345.9  346.0  345.9
  152.0  13897  -60.9  -79.6      7   0.00    280     68  363.6  363.6  363.6
  150.0  13980  -61.1  -80.1      6   0.00    285     66  364.6  364.6  364.6
  135.0  14632  -61.7  -83.8      4   0.00    290     51  374.7  374.7  374.7
  131.0  14818  -61.9  -84.9      3   0.00    294     55  377.6  377.6  377.6
  121.0  15303  -64.8  -85.7      4   0.00    305     64  380.9  380.9  380.9
  117.0  15509  -66.1  -86.1      5   0.00    295     62  382.2  382.2  382.2
  104.0  16222  -65.7  -87.2      4   0.00    280     56  396.2  396.2  396.2
  100.0  16460  -65.5  -87.5      3   0.00    270     39  400.9  400.9  400.9
   95.0  16771  -66.4  -88.0      3   0.00    270     29  405.1  405.1  405.1
   90.0  17099  -67.3  -88.4      4   0.00    275     43  409.5  409.5  409.5
   89.2  17153  -67.5  -88.5      4   0.00    276     43  410.2  410.2  410.2
   82.0  17665  -66.3  -88.7      3   0.00    290     41  422.6  422.6  422.6
   80.0  17815  -66.0  -88.7      3   0.00    280     34  426.3  426.3  426.3
   74.0  18288  -64.9  -88.9      2   0.00    330     21  438.1  438.2  438.1
   73.9  18296  -64.9  -88.9      2   0.00    330     21  438.4  438.4  438.4
   73.0  18372  -64.3  -88.5      2   0.00    330     26  441.2  441.2  441.2
   70.0  18630  -62.1  -87.1      2   0.00    285     21  451.2  451.2  451.2
   69.5  18674  -61.5  -88.5      2   0.00    279     21  453.4  453.4  453.4
   68.0  18809  -61.8  -88.5      2   0.00    260     21  455.6  455.6  455.6
   67.0  18900  -62.0  -88.5      2   0.00    260     18  457.1  457.1  457.1
   65.0  19087  -62.4  -88.6      2   0.00    290     11  460.2  460.2  460.2
   63.0  19280  -62.8  -88.6      2   0.00    275     11  463.4  463.5  463.4
   61.0  19479  -63.2  -88.7      2   0.00    290      6  466.8  466.8  466.8
   58.8  19706  -63.7  -88.7      2   0.00    315      9  470.6  470.7  470.6
   58.0  19791  -63.4  -88.6      2   0.00    325     10  473.2  473.2  473.2
   56.0  20008  -62.6  -88.5      2   0.00    310     11  479.9  479.9  479.9
   55.0  20120  -62.1  -88.4      2   0.00    330     10  483.3  483.3  483.3
   54.0  20233  -61.7  -88.3      2   0.00    325     10  486.8  486.9  486.8
   53.0  20349  -61.3  -88.2      2   0.00     20     12  490.4  490.5  490.4
   51.0  20587  -60.4  -88.0      2   0.00      5     10  498.0  498.0  498.0
   50.0  20710  -59.9  -87.9      1   0.00     10      8  501.9  501.9  501.9
   48.0  20965  -59.6  -88.1      1   0.00     30     13  508.4  508.4  508.4
   47.0  21097  -59.5  -88.2      1   0.00     15     12  511.8  511.8  511.8
   45.5  21299  -59.3  -88.3      1   0.00     11     16  517.0  517.1  517.0
   45.0  21368  -59.5  -88.2      1   0.00     10     17  518.3  518.3  518.3
   43.7  21551  -59.9  -87.9      1   0.00     10     15  521.6  521.6  521.6
   43.0  21653  -59.4  -87.7      1   0.00     10     14  525.3  525.3  525.3
   42.0  21802  -58.6  -87.4      1   0.00    315     10  530.7  530.7  530.7
   40.0  22110  -57.1  -86.8      1   0.01    315     10  542.0  542.1  542.0
   39.0  22269  -56.3  -86.5      1   0.01    255     11  548.0  548.0  548.0
   37.6  22500  -55.1  -86.1      1   0.01    283      8  556.7  556.8  556.7
   34.0  23138  -56.9  -87.2      1   0.01      0      0  568.1  568.2  568.2
   32.6  23405  -57.7  -87.7      1   0.01     35      1  573.0  573.0  573.0
   30.0  23930  -56.7  -87.7      1   0.01    105      4  589.5  589.5  589.5
   29.0  24145  -55.8  -86.8      1   0.01    100      6  597.8  597.8  597.8
   28.5  24256  -55.3  -86.3      1   0.01                602.0  602.1  602.0
