94866 YMML Melbourne Airport Observations at 12Z 16 Mar 2025
-----------------------------------------------------------------------------
   PRES   HGHT   TEMP   DWPT   RELH   MIXR   DRCT   SKNT   THTA   THTE   THTV
    hPa     m      C      C      %    g/kg    deg   knot     K      K      K 
-----------------------------------------------------------------------------
 1005.0    116   11.0    6.2     72   5.95    245     12  283.8  300.5  284.8
 1000.0    153   11.4    5.4     67   5.65    240     12  284.6  300.6  285.5
  986.0    270   10.7    5.1     68   5.60    245     21  285.0  300.9  286.0
  969.0    415    9.9    4.7     70   5.54    225     24  285.6  301.4  286.6
  958.0    510    9.4    4.4     71   5.50    225     25  286.0  301.7  287.0
  925.0    800    7.0    2.0     70   4.80    225     28  286.5  300.3  287.3
  889.0   1124    4.1   -1.8     66   3.80    220     33  286.7  297.8  287.4
  881.0   1198    3.4   -2.6     65   3.60    219     33  286.7  297.3  287.4
  850.0   1488    1.4   -3.6     69   3.46    215     33  287.6  297.8  288.2
  800.0   1973   -2.5   -3.5     93   3.71    213     34  288.5  299.4  289.1
  744.0   2546   -5.3   -9.7     71   2.47    210     36  291.5  299.0  291.9
  742.0   2568   -5.4  -10.8     65   2.26    210     36  291.6  298.5  292.0
  724.0   2760   -6.3  -21.4     29   0.97    220     39  292.7  295.8  292.9
  715.0   2858   -6.7  -26.7     19   0.61    220     37  293.2  295.3  293.4
  712.0   2891   -7.0  -21.0     32   1.01    220     36  293.3  296.6  293.5
  711.0   2902   -7.1  -19.1     38   1.19    220     36  293.3  297.1  293.5
  700.0   3023   -7.9  -25.9     22   0.67    220     41  293.7  295.9  293.8
  697.0   3056   -7.9  -30.9     14   0.42    221     42  294.1  295.5  294.1
  683.0   3213   -9.3  -22.3     34   0.94    223     47  294.2  297.3  294.4
  675.0   3304   -9.5  -26.5     24   0.65    225     50  295.0  297.2  295.1
  648.0   3620   -8.3  -48.3      2   0.07    230     60  299.8  300.1  299.8
  500.0   5600  -15.9  -56.9      2   0.03    220     90  313.6  313.7  313.6
  497.0   5646  -15.7  -55.7      2   0.04    220     90  314.4  314.6  314.4
  446.0   6451  -20.1  -59.6      2   0.03    215     96  318.7  318.8  318.7
  407.0   7133  -23.9  -62.9      1   0.02    225     87  322.2  322.3  322.2
  405.0   7169  -24.1  -63.1      1   0.02    225     87  322.4  322.5  322.4
  400.0   7260  -24.7  -63.7      1   0.02    225     88  322.8  322.9  322.8
  342.0   8365  -32.5  -66.1      2   0.02    220    106  326.9  327.0  326.9
  301.0   9267  -38.9  -68.0      3   0.01    230     86  330.1  330.1  330.1
  300.0   9290  -39.1  -68.1      3   0.01    230     85  330.1  330.2  330.1
  289.0   9545  -41.3  -69.3      3   0.01    238     83  330.6  330.6  330.6
  279.0   9783  -42.2  -69.7      3   0.01    245     82  332.6  332.6  332.6
  270.0  10004  -43.1  -70.1      4   0.01    253     84  334.4  334.5  334.4
  252.0  10467  -45.2  -71.4      4   0.01    270     89  337.9  337.9  337.9
  250.0  10520  -45.5  -71.5      4   0.01    270     89  338.3  338.3  338.3
  218.0  11416  -50.3  -75.1      4   0.01    275     94  344.4  344.4  344.4
  203.0  11883  -52.8  -76.9      4   0.01    280    107  347.6  347.6  347.6
  200.0  11980  -53.3  -77.3      4   0.01    275    108  348.2  348.2  348.2
  194.0  12176  -54.3  -77.3      4   0.01    275    119  349.6  349.7  349.6
  191.0  12276  -53.3  -78.3      3   0.00    270    125  352.8  352.8  352.8
  185.0  12482  -51.3  -80.3      2   0.00    265    122  359.3  359.3  359.3
  172.0  12954  -51.9  -81.6      2   0.00    255    115  365.8  365.8  365.8
  156.0  13586  -52.8  -83.4      1   0.00    245     68  374.7  374.8  374.7
  150.0  13840  -53.1  -84.1      1   0.00    250     49  378.4  378.4  378.4
  149.0  13883  -52.3  -83.3      1   0.00    255     46  380.5  380.5  380.5
  147.0  13969  -52.9  -83.5      1   0.00    265     41  380.9  380.9  380.9
  135.0  14510  -56.6  -85.0      2   0.00    285     52  383.8  383.8  383.8
  128.0  14849  -58.9  -85.9      2   0.00    275     67  385.5  385.5  385.5
  123.0  15100  -55.3  -85.3      1   0.00    276     64  396.4  396.5  396.4
  109.0  15857  -62.1  -87.1      2   0.00    280     55  397.6  397.6  397.6
  100.0  16390  -61.1  -87.1      2   0.00    275     38  409.4  409.4  409.4
   93.8  16786  -62.9  -87.9      2   0.00    278     45  413.4  413.4  413.4
   91.0  16974  -61.6  -87.6      2   0.00    280     48  419.6  419.6  419.6
   87.0  17254  -59.7  -87.2      2   0.00    265     36  428.8  428.8  428.8
   85.7  17348  -59.1  -87.1      2   0.00    271     33  431.9  431.9  431.9
   82.0  17621  -60.7  -87.7      2   0.00    290     25  434.2  434.2  434.2
   76.0  18093  -63.4  -88.7      2   0.00    280     31  438.0  438.1  438.0
   74.9  18183  -63.9  -88.9      2   0.00    273     35  438.8  438.8  438.8
   73.0  18341  -63.1  -88.9      2   0.00    260     41  443.7  443.7  443.7
   72.0  18426  -62.7  -88.9      2   0.00    255     38  446.3  446.4  446.3
   70.2  18582  -61.9  -88.9      2   0.00    264     25  451.2  451.3  451.2
   70.0  18600  -61.7  -88.7      2   0.00    265     24  452.0  452.1  452.0
   69.0  18690  -59.2  -88.6      1   0.00    285     10  459.2  459.2  459.2
   68.3  18754  -57.5  -88.5      1   0.00    306      8  464.3  464.3  464.3
   67.0  18874  -58.2  -88.5      1   0.00    345      5  465.3  465.3  465.3
   60.0  19564  -62.3  -88.7      2   0.00    240     20  471.1  471.1  471.1
   59.3  19637  -62.7  -88.7      2   0.00    230     23  471.7  471.8  471.7
   59.0  19668  -62.8  -88.8      2   0.00    225     24  472.3  472.3  472.3
   58.0  19774  -63.0  -89.0      2   0.00    210     17  474.2  474.2  474.2
   55.0  20101  -63.6  -89.6      2   0.00    235     10  480.0  480.0  480.0
   54.4  20168  -63.7  -89.7      2   0.00    265      6  481.2  481.2  481.2
   54.0  20214  -62.5  -89.3      2   0.00    285      3  485.1  485.1  485.1
   53.5  20272  -60.9  -88.9      1   0.00    271      3  490.0  490.0  490.0
   50.0  20690  -63.7  -89.7      2   0.00    170      7  492.9  493.0  492.9
   49.4  20764  -63.9  -89.9      2   0.00    162      7  494.2  494.2  494.2
   47.9  20955  -59.1  -89.1      1   0.00    143      8  510.0  510.0  510.0
   45.9  21223  -58.3  -88.3      1   0.00    116      8  518.2  518.2  518.2
   41.0  21939  -57.4  -87.9      1   0.00     45     10  537.4  537.4  537.4
   39.0  22256  -57.0  -87.8      1   0.00     15     10  546.1  546.2  546.1
   31.0  23712  -55.2  -87.0      1   0.01      0      0  588.1  588.2  588.1
   30.0  23920  -54.9  -86.9      1   0.01    190      3  594.4  594.4  594.4
   29.0  24137  -53.9  -86.4      1   0.01    165     10  603.0  603.1  603.0
   28.3  24294  -53.1  -86.1      1   0.01    157     10  609.4  609.4  609.4
   24.1  25325  -54.9  -86.9      1   0.01    101     11  632.8  632.8  632.8
   22.0  25913  -52.9  -85.9      1   0.01     70     11  655.4  655.5  655.4
   21.0  26212  -51.9  -85.4      1   0.01     20     10  667.3  667.4  667.3
   20.1  26495  -50.9  -84.9      1   0.01     47      9  678.6  678.8  678.6
   20.0                                        50      9                     
